{
  "generated_by": {
    "program": "augur",
    "version": "24.3.0"
  },
  "models": {
    "clade_membership": {
      "alphabet": [
        "1",
        "2",
        "3",
        "4",
        "5",
        "?"
      ],
      "equilibrium_probabilities": [
        0.2226259392219915,
        0.17484041433552425,
        0.20578940395836265,
        0.17910175783683088,
        0.21764248464729075
      ],
      "rate": 2.3393571807317945,
      "transition_matrix": [
        [
          0.0,
          1.4853361666495257,
          1.2164481532599194,
          1.1795504111117423,
          1.1195164532815423
        ],
        [
          1.4853361666495257,
          0.0,
          1.3268159973503402,
          1.2645643211369504,
          1.2138118103599338
        ],
        [
          1.2164481532599194,
          1.3268159973503402,
          0.0,
          1.2459906582995912,
          1.1767591158973747
        ],
        [
          1.1795504111117423,
          1.2645643211369504,
          1.2459906582995912,
          0.0,
          1.36024878942808
        ],
        [
          1.1195164532815423,
          1.2138118103599338,
          1.1767591158973747,
          1.36024878942808,
          0.0
        ]
      ]
    },
    "country": {
      "alphabet": [
        "Angola",
        "Australia",
        "Cambodia",
        "China",
        "India",
        "Indonesia",
        "Japan",
        "Laos",
        "Malaysia",
        "Philippines",
        "Singapore",
        "South Korea",
        "Spain",
        "Sri Lanka",
        "Taiwan",
        "Thailand",
        "Vietnam",
        "?"
      ],
      "equilibrium_probabilities": [
        0.06841022286939703,
        0.07062701120053702,
        0.051410008733685446,
        0.06680300116091845,
        0.046466487613780354,
        0.06178071250218614,
        0.036862717731113374,
        0.06228438231776577,
        0.06802291658694867,
        0.06103277950167373,
        0.05597661509223842,
        0.04358197342950073,
        0.06853207144740567,
        0.05959676390040088,
        0.05071829707661088,
        0.06585160564910314,
        0.0620424331867343
      ],
      "rate": 30.35002914146506,
      "transition_matrix": [
        [
          0.0,
          0.8793411375748669,
          0.872096418059299,
          0.8670445986010686,
          0.8726776631646563,
          0.879695528554602,
          0.8698737474570133,
          0.8726997338274557,
          0.8814976547359163,
          0.8723138262328137,
          0.8795715254769552,
          0.8829357213302469,
          0.8727606727781821,
          0.8724991531082611,
          1.306972447440156,
          0.8728605655987163,
          0.8803823709737317
        ],
        [
          0.8793411375748669,
          0.0,
          0.8978622811024429,
          1.2042152905517778,
          0.8894885335730303,
          2.253495591324072,
          0.8853406259269775,
          0.8795306633906825,
          1.1622173240176892,
          0.8790941019821006,
          1.169363751046469,
          1.0957412325111031,
          0.879498777028112,
          0.8793053683374715,
          0.8807520841813736,
          0.9041325859556614,
          1.1734235596870668
        ],
        [
          0.872096418059299,
          0.8978622811024429,
          0.0,
          2.2716152617570815,
          0.8755491029850321,
          0.881734493859033,
          0.8716638422026075,
          1.1529276153996497,
          0.8821134338331329,
          0.8719851668678431,
          1.3140473192533817,
          0.8859496976926593,
          0.8721189860058713,
          0.8720700371621797,
          0.8716869922519935,
          1.3100980959776443,
          0.8812763661696028
        ],
        [
          0.8670445986010686,
          1.2042152905517778,
          2.2716152617570815,
          0.0,
          3.17930917361047,
          1.5306085062566004,
          6.224280800519109,
          1.1664099184937098,
          1.0249966397272932,
          1.2403296550640408,
          1.9816476595416357,
          4.48771625752961,
          0.8672461608571387,
          1.2971116366241064,
          2.7165000163365836,
          1.1435426209554642,
          1.4686989360113074
        ],
        [
          0.8726776631646563,
          0.8894885335730303,
          0.8755491029850321,
          3.17930917361047,
          0.0,
          0.8933533118813941,
          0.8752713968356542,
          0.8730648556503674,
          0.886374722158424,
          0.8743837408088304,
          0.8844596457294234,
          0.8979094613272294,
          1.3085787763621026,
          0.8727489919594815,
          0.8756638902338778,
          0.8735065078623397,
          0.8867188149061611
        ],
        [
          0.879695528554602,
          2.253495591324072,
          0.881734493859033,
          1.5306085062566004,
          0.8933533118813941,
          0.0,
          0.8873058601917737,
          0.879902173483508,
          1.1170775421286216,
          0.8795271777827116,
          0.9012653507460361,
          1.1803466769279782,
          0.8798721928649503,
          0.8797599595712646,
          0.8815952374160704,
          0.8813910563561645,
          1.1917163927513683
        ],
        [
          0.8698737474570133,
          0.8853406259269775,
          0.8716638422026075,
          6.224280800519109,
          0.8752713968356542,
          0.8873058601917737,
          0.0,
          0.8703792233117803,
          0.8865657127560579,
          0.8710460960693405,
          0.8855735616818101,
          2.1170802261024213,
          0.8696854514936049,
          0.8699726261329109,
          0.9984151008452239,
          0.8708269289015774,
          0.9254506722725232
        ],
        [
          0.8726997338274557,
          0.8795306633906825,
          1.1529276153996497,
          1.1664099184937098,
          0.8730648556503674,
          0.879902173483508,
          0.8703792233117803,
          0.0,
          0.8813746857277033,
          0.8723258978171254,
          0.8799444895487583,
          0.8827925889984121,
          0.8727143347592414,
          0.87251617511024,
          0.8714472945949407,
          0.8730322050440643,
          0.880415681374779
        ],
        [
          0.8814976547359163,
          1.1622173240176892,
          0.8821134338331329,
          1.0249966397272932,
          0.886374722158424,
          1.1170775421286216,
          0.8865657127560579,
          0.8813746857277033,
          0.0,
          0.8809374703275741,
          1.4945917037136518,
          1.1579504354793086,
          0.8816008664750629,
          0.881088699329843,
          0.8822825515313075,
          0.8826059406496439,
          0.8993068166229717
        ],
        [
          0.8723138262328137,
          0.8790941019821006,
          0.8719851668678431,
          1.2403296550640408,
          0.8743837408088304,
          0.8795271777827116,
          0.8710460960693405,
          0.8723258978171254,
          0.8809374703275741,
          0.0,
          0.879353608606788,
          0.8831234349687812,
          0.8722756687570926,
          0.8721140687573797,
          1.0140370683457887,
          0.872479875248492,
          0.8800087096922187
        ],
        [
          0.8795715254769552,
          1.169363751046469,
          1.3140473192533817,
          1.9816476595416357,
          0.8844596457294234,
          0.9012653507460361,
          0.8855735616818101,
          0.8799444895487583,
          1.4945917037136518,
          0.879353608606788,
          0.0,
          1.0066088313890524,
          0.879664576423137,
          0.8794204399431969,
          0.8810837225618777,
          1.0780477077998933,
          0.896206570426411
        ],
        [
          0.8829357213302469,
          1.0957412325111031,
          0.8859496976926593,
          4.48771625752961,
          0.8979094613272294,
          1.1803466769279782,
          2.1170802261024213,
          0.8827925889984121,
          1.1579504354793086,
          0.8831234349687812,
          1.0066088313890524,
          0.0,
          0.8827792621704842,
          0.8822709053638005,
          1.0980869389513912,
          0.8853700305813446,
          1.2223614415265143
        ],
        [
          0.8727606727781821,
          0.879498777028112,
          0.8721189860058713,
          0.8672461608571387,
          1.3085787763621026,
          0.8798721928649503,
          0.8696854514936049,
          0.8727143347592414,
          0.8816008664750629,
          0.8722756687570926,
          0.879664576423137,
          0.8827792621704842,
          0.0,
          0.8725135698980288,
          0.8711252568835346,
          0.8728792856698454,
          0.8805280154654741
        ],
        [
          0.8724991531082611,
          0.8793053683374715,
          0.8720700371621797,
          1.2971116366241064,
          0.8727489919594815,
          0.8797599595712646,
          0.8699726261329109,
          0.87251617511024,
          0.881088699329843,
          0.8721140687573797,
          0.8794204399431969,
          0.8822709053638005,
          0.8725135698980288,
          0.0,
          0.8711465641092482,
          0.8726903850084479,
          0.880115616829595
        ],
        [
          1.306972447440156,
          0.8807520841813736,
          0.8716869922519935,
          2.7165000163365836,
          0.8756638902338778,
          0.8815952374160704,
          0.9984151008452239,
          0.8714472945949407,
          0.8822825515313075,
          1.0140370683457887,
          0.8810837225618777,
          1.0980869389513912,
          0.8711252568835346,
          0.8711465641092482,
          0.0,
          0.8716503641922909,
          0.8811826527375868
        ],
        [
          0.8728605655987163,
          0.9041325859556614,
          1.3100980959776443,
          1.1435426209554642,
          0.8735065078623397,
          0.8813910563561645,
          0.8708269289015774,
          0.8730322050440643,
          0.8826059406496439,
          0.872479875248492,
          1.0780477077998933,
          0.8853700305813446,
          0.8728792856698454,
          0.8726903850084479,
          0.8716503641922909,
          0.0,
          0.8814093426722567
        ],
        [
          0.8803823709737317,
          1.1734235596870668,
          0.8812763661696028,
          1.4686989360113074,
          0.8867188149061611,
          1.1917163927513683,
          0.9254506722725232,
          0.880415681374779,
          0.8993068166229717,
          0.8800087096922187,
          0.896206570426411,
          1.2223614415265143,
          0.8805280154654741,
          0.880115616829595,
          0.8811826527375868,
          0.8814093426722567,
          0.0
        ]
      ]
    },
    "region": {
      "alphabet": [
        "Africa",
        "Asia",
        "Europe",
        "Oceania",
        "?"
      ],
      "equilibrium_probabilities": [
        0.17990529751218298,
        0.44039769766996756,
        0.17995834176052317,
        0.1997386630573263
      ],
      "rate": 3.8546377062120643,
      "transition_matrix": [
        [
          0.0,
          1.2010945005731257,
          0.926659308665738,
          0.9233238874483444
        ],
        [
          1.2010945005731257,
          0.0,
          1.2011451183046848,
          2.424589474471669
        ],
        [
          0.926659308665738,
          1.2011451183046848,
          0.0,
          0.9232345491621062
        ],
        [
          0.9233238874483444,
          2.424589474471669,
          0.9232345491621062,
          0.0
        ]
      ]
    }
  },
  "nodes": {
    "AB269326": {
      "clade_membership": "3",
      "clade_membership_confidence": {
        "3": 1.0
      },
      "clade_membership_entropy": -1.000088900581841e-12,
      "country": "Japan",
      "country_confidence": {
        "Japan": 1.0
      },
      "country_entropy": -1.000088900581841e-12,
      "region": "Asia",
      "region_confidence": {
        "Asia": 0.9999999999999999
      },
      "region_entropy": -9.99866855976916e-13
    },
    "AB471666": {
      "clade_membership": "1",
      "clade_membership_confidence": {
        "1": 1.0
      },
      "clade_membership_entropy": -1.000088900581841e-12,
      "country": "Japan",
      "country_confidence": {
        "Japan": 1.0
      },
      "country_entropy": -1.000088900581841e-12,
      "region": "Asia",
      "region_confidence": {
        "Asia": 1.0
      },
      "region_entropy": -1.000088900581841e-12
    },
    "AB471667": {
      "clade_membership": "1",
      "clade_membership_confidence": {
        "1": 1.0
      },
      "clade_membership_entropy": -1.000088900581841e-12,
      "country": "Japan",
      "country_confidence": {
        "Japan": 1.0
      },
      "country_entropy": -1.000088900581841e-12,
      "region": "Asia",
      "region_confidence": {
        "Asia": 1.0
      },
      "region_entropy": -1.000088900581841e-12
    },
    "AB471668": {
      "clade_membership": "1",
      "clade_membership_confidence": {
        "1": 0.9999999999999999
      },
      "clade_membership_entropy": -9.99866855976916e-13,
      "country": "Japan",
      "country_confidence": {
        "Japan": 1.0
      },
      "country_entropy": -1.000088900581841e-12,
      "region": "Asia",
      "region_confidence": {
        "Asia": 1.0
      },
      "region_entropy": -1.000088900581841e-12
    },
    "AB471669": {
      "clade_membership": "1",
      "clade_membership_confidence": {
        "1": 1.0
      },
      "clade_membership_entropy": -1.000088900581841e-12,
      "country": "Japan",
      "country_confidence": {
        "Japan": 0.9999999999999999
      },
      "country_entropy": -9.99866855976916e-13,
      "region": "Asia",
      "region_confidence": {
        "Asia": 1.0
      },
      "region_entropy": -1.000088900581841e-12
    },
    "AB471670": {
      "clade_membership": "1",
      "clade_membership_confidence": {
        "1": 1.0
      },
      "clade_membership_entropy": -1.000088900581841e-12,
      "country": "Japan",
      "country_confidence": {
        "Japan": 1.0
      },
      "country_entropy": -1.000088900581841e-12,
      "region": "Asia",
      "region_confidence": {
        "Asia": 1.0
      },
      "region_entropy": -1.000088900581841e-12
    },
    "AB551990": {
      "clade_membership": "3",
      "clade_membership_confidence": {
        "3": 1.0
      },
      "clade_membership_entropy": -1.000088900581841e-12,
      "country": "Japan",
      "country_confidence": {
        "Japan": 1.0
      },
      "country_entropy": -1.000088900581841e-12,
      "region": "Asia",
      "region_confidence": {
        "Asia": 0.9999999999999999
      },
      "region_entropy": -9.99866855976916e-13
    },
    "AB551991": {
      "clade_membership": "3",
      "clade_membership_confidence": {
        "3": 1.0
      },
      "clade_membership_entropy": -1.000088900581841e-12,
      "country": "Japan",
      "country_confidence": {
        "Japan": 1.0
      },
      "country_entropy": -1.000088900581841e-12,
      "region": "Asia",
      "region_confidence": {
        "Asia": 0.9999999999999999
      },
      "region_entropy": -9.99866855976916e-13
    },
    "AB551992": {
      "clade_membership": "3",
      "clade_membership_confidence": {
        "3": 1.0
      },
      "clade_membership_entropy": -1.000088900581841e-12,
      "country": "Japan",
      "country_confidence": {
        "Japan": 1.0
      },
      "country_entropy": -1.000088900581841e-12,
      "region": "Asia",
      "region_confidence": {
        "Asia": 0.9999999999999999
      },
      "region_entropy": -9.99866855976916e-13
    },
    "AB569980": {
      "clade_membership": "3",
      "clade_membership_confidence": {
        "3": 0.9999999999999999
      },
      "clade_membership_entropy": -9.99866855976916e-13,
      "country": "Japan",
      "country_confidence": {
        "Japan": 1.0
      },
      "country_entropy": -1.000088900581841e-12,
      "region": "Asia",
      "region_confidence": {
        "Asia": 1.0
      },
      "region_entropy": -1.000088900581841e-12
    },
    "AB569981": {
      "clade_membership": "3",
      "clade_membership_confidence": {
        "3": 0.9999999999999999
      },
      "clade_membership_entropy": -9.99866855976916e-13,
      "country": "Japan",
      "country_confidence": {
        "Japan": 1.0
      },
      "country_entropy": -1.000088900581841e-12,
      "region": "Asia",
      "region_confidence": {
        "Asia": 1.0
      },
      "region_entropy": -1.000088900581841e-12
    },
    "AB569982": {
      "clade_membership": "3",
      "clade_membership_confidence": {
        "3": 1.0
      },
      "clade_membership_entropy": -1.000088900581841e-12,
      "country": "Japan",
      "country_confidence": {
        "Japan": 1.0
      },
      "country_entropy": -1.000088900581841e-12,
      "region": "Asia",
      "region_confidence": {
        "Asia": 1.0
      },
      "region_entropy": -1.000088900581841e-12
    },
    "AB569983": {
      "clade_membership": "3",
      "clade_membership_confidence": {
        "3": 1.0
      },
      "clade_membership_entropy": -1.000088900581841e-12,
      "country": "Japan",
      "country_confidence": {
        "Japan": 1.0
      },
      "country_entropy": -1.000088900581841e-12,
      "region": "Asia",
      "region_confidence": {
        "Asia": 1.0
      },
      "region_entropy": -1.000088900581841e-12
    },
    "AB569984": {
      "clade_membership": "3",
      "clade_membership_confidence": {
        "3": 1.0
      },
      "clade_membership_entropy": -1.000088900581841e-12,
      "country": "Japan",
      "country_confidence": {
        "Japan": 1.0
      },
      "country_entropy": -1.000088900581841e-12,
      "region": "Asia",
      "region_confidence": {
        "Asia": 1.0
      },
      "region_entropy": -1.000088900581841e-12
    },
    "AB569985": {
      "clade_membership": "3",
      "clade_membership_confidence": {
        "3": 1.0
      },
      "clade_membership_entropy": -1.000088900581841e-12,
      "country": "Japan",
      "country_confidence": {
        "Japan": 1.0
      },
      "country_entropy": -1.000088900581841e-12,
      "region": "Asia",
      "region_confidence": {
        "Asia": 1.0
      },
      "region_entropy": -1.000088900581841e-12
    },
    "AB569987": {
      "clade_membership": "3",
      "clade_membership_confidence": {
        "3": 0.9999999999999999
      },
      "clade_membership_entropy": -9.99866855976916e-13,
      "country": "Japan",
      "country_confidence": {
        "Japan": 1.0
      },
      "country_entropy": -1.000088900581841e-12,
      "region": "Asia",
      "region_confidence": {
        "Asia": 1.0
      },
      "region_entropy": -1.000088900581841e-12
    },
    "AB569988": {
      "clade_membership": "3",
      "clade_membership_confidence": {
        "3": 1.0
      },
      "clade_membership_entropy": -1.000088900581841e-12,
      "country": "Japan",
      "country_confidence": {
        "Japan": 1.0
      },
      "country_entropy": -1.000088900581841e-12,
      "region": "Asia",
      "region_confidence": {
        "Asia": 1.0
      },
      "region_entropy": -1.000088900581841e-12
    },
    "AB569989": {
      "clade_membership": "3",
      "clade_membership_confidence": {
        "3": 0.9999999999999999
      },
      "clade_membership_entropy": -9.99866855976916e-13,
      "country": "Japan",
      "country_confidence": {
        "Japan": 1.0
      },
      "country_entropy": -1.000088900581841e-12,
      "region": "Asia",
      "region_confidence": {
        "Asia": 1.0
      },
      "region_entropy": -1.000088900581841e-12
    },
    "AB569990": {
      "clade_membership": "3",
      "clade_membership_confidence": {
        "3": 1.0
      },
      "clade_membership_entropy": -1.000088900581841e-12,
      "country": "Japan",
      "country_confidence": {
        "Japan": 1.0
      },
      "country_entropy": -1.000088900581841e-12,
      "region": "Asia",
      "region_confidence": {
        "Asia": 1.0
      },
      "region_entropy": -1.000088900581841e-12
    },
    "AB594829": {
      "clade_membership": "1",
      "clade_membership_confidence": {
        "1": 1.0
      },
      "clade_membership_entropy": -1.000088900581841e-12,
      "country": "Japan",
      "country_confidence": {
        "Japan": 1.0
      },
      "country_entropy": -1.000088900581841e-12,
      "region": "Asia",
      "region_confidence": {
        "Asia": 1.0
      },
      "region_entropy": -1.000088900581841e-12
    },
    "AB698905": {
      "clade_membership": "1",
      "clade_membership_confidence": {
        "1": 1.0
      },
      "clade_membership_entropy": -1.000088900581841e-12,
      "country": "Japan",
      "country_confidence": {
        "Japan": 1.0
      },
      "country_entropy": -1.000088900581841e-12,
      "region": "Asia",
      "region_confidence": {
        "Asia": 1.0
      },
      "region_entropy": -1.000088900581841e-12
    },
    "AB698906": {
      "clade_membership": "1",
      "clade_membership_confidence": {
        "1": 1.0
      },
      "clade_membership_entropy": -1.000088900581841e-12,
      "country": "Japan",
      "country_confidence": {
        "Japan": 1.0
      },
      "country_entropy": -1.000088900581841e-12,
      "region": "Asia",
      "region_confidence": {
        "Asia": 1.0
      },
      "region_entropy": -1.000088900581841e-12
    },
    "AB698907": {
      "clade_membership": "1",
      "clade_membership_confidence": {
        "1": 1.0
      },
      "clade_membership_entropy": -1.000088900581841e-12,
      "country": "Japan",
      "country_confidence": {
        "Japan": 0.9999999999999999
      },
      "country_entropy": -9.99866855976916e-13,
      "region": "Asia",
      "region_confidence": {
        "Asia": 1.0
      },
      "region_entropy": -1.000088900581841e-12
    },
    "AB698908": {
      "clade_membership": "1",
      "clade_membership_confidence": {
        "1": 1.0
      },
      "clade_membership_entropy": -1.000088900581841e-12,
      "country": "Japan",
      "country_confidence": {
        "Japan": 0.9999999999999999
      },
      "country_entropy": -9.99866855976916e-13,
      "region": "Asia",
      "region_confidence": {
        "Asia": 1.0
      },
      "region_entropy": -1.000088900581841e-12
    },
    "AB698909": {
      "clade_membership": "1",
      "clade_membership_confidence": {
        "1": 1.0
      },
      "clade_membership_entropy": -1.000088900581841e-12,
      "country": "Japan",
      "country_confidence": {
        "Japan": 1.0
      },
      "country_entropy": -1.000088900581841e-12,
      "region": "Asia",
      "region_confidence": {
        "Asia": 1.0
      },
      "region_entropy": -1.000088900581841e-12
    },
    "AB830335": {
      "clade_membership": "1",
      "clade_membership_confidence": {
        "1": 0.9999999999999999
      },
      "clade_membership_entropy": -9.99866855976916e-13,
      "country": "Japan",
      "country_confidence": {
        "Japan": 1.0
      },
      "country_entropy": -1.000088900581841e-12,
      "region": "Asia",
      "region_confidence": {
        "Asia": 1.0
      },
      "region_entropy": -1.000088900581841e-12
    },
    "AB853904": {
      "clade_membership": "1",
      "clade_membership_confidence": {
        "1": 1.0
      },
      "clade_membership_entropy": -1.000088900581841e-12,
      "country": "Japan",
      "country_confidence": {
        "Japan": 1.0
      },
      "country_entropy": -1.000088900581841e-12,
      "region": "Asia",
      "region_confidence": {
        "Asia": 1.0
      },
      "region_entropy": -1.000088900581841e-12
    },
    "AB920399": {
      "clade_membership": "1",
      "clade_membership_confidence": {
        "1": 0.9999999999999999
      },
      "clade_membership_entropy": -9.99866855976916e-13,
      "country": "Japan",
      "country_confidence": {
        "Japan": 1.0
      },
      "country_entropy": -1.000088900581841e-12,
      "region": "Asia",
      "region_confidence": {
        "Asia": 1.0
      },
      "region_entropy": -1.000088900581841e-12
    },
    "AB981183": {
      "clade_membership": "1",
      "clade_membership_confidence": {
        "1": 1.0
      },
      "clade_membership_entropy": -1.000088900581841e-12,
      "country": "Japan",
      "country_confidence": {
        "Japan": 1.0
      },
      "country_entropy": -1.000088900581841e-12,
      "region": "Asia",
      "region_confidence": {
        "Asia": 1.0
      },
      "region_entropy": -1.000088900581841e-12
    },
    "AB981184": {
      "clade_membership": "1",
      "clade_membership_confidence": {
        "1": 1.0
      },
      "clade_membership_entropy": -1.000088900581841e-12,
      "country": "Japan",
      "country_confidence": {
        "Japan": 1.0
      },
      "country_entropy": -1.000088900581841e-12,
      "region": "Asia",
      "region_confidence": {
        "Asia": 1.0
      },
      "region_entropy": -1.000088900581841e-12
    },
    "EF623987": {
      "clade_membership": "3",
      "clade_membership_confidence": {
        "3": 0.9999999999999999
      },
      "clade_membership_entropy": -9.99866855976916e-13,
      "country": "India",
      "country_confidence": {
        "India": 1.0
      },
      "country_entropy": -1.000088900581841e-12,
      "region": "Asia",
      "region_confidence": {
        "Asia": 1.0
      },
      "region_entropy": -1.000088900581841e-12
    },
    "EF623988": {
      "clade_membership": "3",
      "clade_membership_confidence": {
        "3": 1.0
      },
      "clade_membership_entropy": -1.000088900581841e-12,
      "country": "India",
      "country_confidence": {
        "India": 1.0
      },
      "country_entropy": -1.000088900581841e-12,
      "region": "Asia",
      "region_confidence": {
        "Asia": 1.0
      },
      "region_entropy": -1.000088900581841e-12
    },
    "EF623989": {
      "clade_membership": "3",
      "clade_membership_confidence": {
        "3": 1.0
      },
      "clade_membership_entropy": -1.000088900581841e-12,
      "country": "India",
      "country_confidence": {
        "India": 1.0
      },
      "country_entropy": -1.000088900581841e-12,
      "region": "Asia",
      "region_confidence": {
        "Asia": 1.0
      },
      "region_entropy": -1.000088900581841e-12
    },
    "EU429297": {
      "clade_membership": "1",
      "clade_membership_confidence": {
        "1": 0.9999999999999999
      },
      "clade_membership_entropy": -9.99866855976916e-13,
      "country": "China",
      "country_confidence": {
        "China": 1.0
      },
      "country_entropy": -1.000088900581841e-12,
      "region": "Asia",
      "region_confidence": {
        "Asia": 0.9999999999999999
      },
      "region_entropy": -9.99866855976916e-13
    },
    "EU693899": {
      "clade_membership": "1",
      "clade_membership_confidence": {
        "1": 1.0
      },
      "clade_membership_entropy": -1.000088900581841e-12,
      "country": "China",
      "country_confidence": {
        "China": 0.9999999999999999
      },
      "country_entropy": -9.99866855976916e-13,
      "region": "Asia",
      "region_confidence": {
        "Asia": 1.0
      },
      "region_entropy": -1.000088900581841e-12
    },
    "EU880214": {
      "clade_membership": "1",
      "clade_membership_confidence": {
        "1": 1.0
      },
      "clade_membership_entropy": -1.000088900581841e-12,
      "country": "China",
      "country_confidence": {
        "China": 1.0
      },
      "country_entropy": -1.000088900581841e-12,
      "region": "Asia",
      "region_confidence": {
        "Asia": 1.0
      },
      "region_entropy": -1.000088900581841e-12
    },
    "FJ185036": {
      "clade_membership": "3",
      "clade_membership_confidence": {
        "3": 0.9999999999999999
      },
      "clade_membership_entropy": -9.99866855976916e-13,
      "country": "China",
      "country_confidence": {
        "China": 1.0
      },
      "country_entropy": -1.000088900581841e-12,
      "region": "Asia",
      "region_confidence": {
        "Asia": 0.9999999999999999
      },
      "region_entropy": -9.99866855976916e-13
    },
    "FJ185037": {
      "clade_membership": "3",
      "clade_membership_confidence": {
        "3": 1.0
      },
      "clade_membership_entropy": -1.000088900581841e-12,
      "country": "China",
      "country_confidence": {
        "China": 1.0
      },
      "country_entropy": -1.000088900581841e-12,
      "region": "Asia",
      "region_confidence": {
        "Asia": 1.0
      },
      "region_entropy": -1.000088900581841e-12
    },
    "FJ495189": {
      "clade_membership": "1",
      "clade_membership_confidence": {
        "1": 0.9999999999999999
      },
      "clade_membership_entropy": -9.99866855976916e-13,
      "country": "China",
      "country_confidence": {
        "China": 1.0
      },
      "country_entropy": -1.000088900581841e-12,
      "region": "Asia",
      "region_confidence": {
        "Asia": 1.0
      },
      "region_entropy": -1.000088900581841e-12
    },
    "GQ902058": {
      "clade_membership": "1",
      "clade_membership_confidence": {
        "1": 1.0
      },
      "clade_membership_entropy": -1.000088900581841e-12,
      "country": "Thailand",
      "country_confidence": {
        "Thailand": 1.0
      },
      "country_entropy": -1.000088900581841e-12,
      "region": "Asia",
      "region_confidence": {
        "Asia": 1.0
      },
      "region_entropy": -1.000088900581841e-12
    },
    "GU187972": {
      "clade_membership": "1",
      "clade_membership_confidence": {
        "1": 0.9999999999999999
      },
      "clade_membership_entropy": -9.99866855976916e-13,
      "country": "China",
      "country_confidence": {
        "China": 1.0
      },
      "country_entropy": -1.000088900581841e-12,
      "region": "Asia",
      "region_confidence": {
        "Asia": 1.0
      },
      "region_entropy": -1.000088900581841e-12
    },
    "GU205163": {
      "clade_membership": "1",
      "clade_membership_confidence": {
        "1": 1.0
      },
      "clade_membership_entropy": -1.000088900581841e-12,
      "country": "China",
      "country_confidence": {
        "China": 1.0
      },
      "country_entropy": -1.000088900581841e-12,
      "region": "Asia",
      "region_confidence": {
        "Asia": 1.0
      },
      "region_entropy": -1.000088900581841e-12
    },
    "GU556217": {
      "clade_membership": "1",
      "clade_membership_confidence": {
        "1": 1.0
      },
      "clade_membership_entropy": -1.000088900581841e-12,
      "country": "China",
      "country_confidence": {
        "China": 0.9999999999999999
      },
      "country_entropy": -9.99866855976916e-13,
      "region": "Asia",
      "region_confidence": {
        "Asia": 0.9999999999999999
      },
      "region_entropy": -9.99866855976916e-13
    },
    "HM228921": {
      "clade_membership": "1",
      "clade_membership_confidence": {
        "1": 1.0
      },
      "clade_membership_entropy": -1.000088900581841e-12,
      "country": "Vietnam",
      "country_confidence": {
        "Vietnam": 1.0
      },
      "country_entropy": -1.000088900581841e-12,
      "region": "Asia",
      "region_confidence": {
        "Asia": 1.0
      },
      "region_entropy": -1.000088900581841e-12
    },
    "HM366552": {
      "clade_membership": "1",
      "clade_membership_confidence": {
        "1": 1.0
      },
      "clade_membership_entropy": -1.000088900581841e-12,
      "country": "China",
      "country_confidence": {
        "China": 1.0
      },
      "country_entropy": -1.000088900581841e-12,
      "region": "Asia",
      "region_confidence": {
        "Asia": 1.0
      },
      "region_entropy": -1.000088900581841e-12
    },
    "HM596272": {
      "clade_membership": "5",
      "clade_membership_confidence": {
        "5": 1.0
      },
      "clade_membership_entropy": -1.000088900581841e-12,
      "country": "Malaysia",
      "country_confidence": {
        "Malaysia": 1.0
      },
      "country_entropy": -1.000088900581841e-12,
      "region": "Asia",
      "region_confidence": {
        "Asia": 1.0
      },
      "region_entropy": -1.000088900581841e-12
    },
    "HQ223285": {
      "clade_membership": "2",
      "clade_membership_confidence": {
        "2": 1.0
      },
      "clade_membership_entropy": -1.000088900581841e-12,
      "country": "South Korea",
      "country_confidence": {
        "South Korea": 1.0
      },
      "country_entropy": -1.000088900581841e-12,
      "region": "Asia",
      "region_confidence": {
        "Asia": 1.0
      },
      "region_entropy": -1.000088900581841e-12
    },
    "HQ223286": {
      "clade_membership": "2",
      "clade_membership_confidence": {
        "2": 1.0
      },
      "clade_membership_entropy": -1.000088900581841e-12,
      "country": "Malaysia",
      "country_confidence": {
        "Malaysia": 1.0
      },
      "country_entropy": -1.000088900581841e-12,
      "region": "Asia",
      "region_confidence": {
        "Asia": 1.0
      },
      "region_entropy": -1.000088900581841e-12
    },
    "HQ223287": {
      "clade_membership": "2",
      "clade_membership_confidence": {
        "2": 1.0
      },
      "clade_membership_entropy": -1.000088900581841e-12,
      "country": "Indonesia",
      "country_confidence": {
        "Indonesia": 0.9999999999999999
      },
      "country_entropy": -9.99866855976916e-13,
      "region": "Asia",
      "region_confidence": {
        "Asia": 1.0
      },
      "region_entropy": -1.000088900581841e-12
    },
    "HQ652538": {
      "clade_membership": "1",
      "clade_membership_confidence": {
        "1": 1.0
      },
      "clade_membership_entropy": -1.000088900581841e-12,
      "country": "China",
      "country_confidence": {
        "China": 1.0
      },
      "country_entropy": -1.000088900581841e-12,
      "region": "Asia",
      "region_confidence": {
        "Asia": 0.9999999999999999
      },
      "region_entropy": -9.99866855976916e-13
    },
    "HQ893545": {
      "clade_membership": "1",
      "clade_membership_confidence": {
        "1": 0.9999999999999999
      },
      "clade_membership_entropy": -9.99866855976916e-13,
      "country": "China",
      "country_confidence": {
        "China": 1.0
      },
      "country_entropy": -1.000088900581841e-12,
      "region": "Asia",
      "region_confidence": {
        "Asia": 1.0
      },
      "region_entropy": -1.000088900581841e-12
    },
    "JF499788": {
      "clade_membership": "1",
      "clade_membership_confidence": {
        "1": 1.0
      },
      "clade_membership_entropy": -1.000088900581841e-12,
      "country": "Taiwan",
      "country_confidence": {
        "Taiwan": 1.0
      },
      "country_entropy": -1.000088900581841e-12,
      "region": "Asia",
      "region_confidence": {
        "Asia": 0.9999999999999999
      },
      "region_entropy": -9.99866855976916e-13
    },
    "JF499789": {
      "clade_membership": "1",
      "clade_membership_confidence": {
        "1": 1.0
      },
      "clade_membership_entropy": -1.000088900581841e-12,
      "country": "Taiwan",
      "country_confidence": {
        "Taiwan": 1.0
      },
      "country_entropy": -1.000088900581841e-12,
      "region": "Asia",
      "region_confidence": {
        "Asia": 1.0
      },
      "region_entropy": -1.000088900581841e-12
    },
    "JF499790": {
      "clade_membership": "1",
      "clade_membership_confidence": {
        "1": 0.9999999999999999
      },
      "clade_membership_entropy": -9.99866855976916e-13,
      "country": "Taiwan",
      "country_confidence": {
        "Taiwan": 1.0
      },
      "country_entropy": -1.000088900581841e-12,
      "region": "Asia",
      "region_confidence": {
        "Asia": 1.0
      },
      "region_entropy": -1.000088900581841e-12
    },
    "JF706267": {
      "clade_membership": "1",
      "clade_membership_confidence": {
        "1": 1.0
      },
      "clade_membership_entropy": -1.000088900581841e-12,
      "country": "China",
      "country_confidence": {
        "China": 1.0
      },
      "country_entropy": -1.000088900581841e-12,
      "region": "Asia",
      "region_confidence": {
        "Asia": 1.0
      },
      "region_entropy": -1.000088900581841e-12
    },
    "JF706268": {
      "clade_membership": "1",
      "clade_membership_confidence": {
        "1": 0.9999999999999999
      },
      "clade_membership_entropy": -9.99866855976916e-13,
      "country": "China",
      "country_confidence": {
        "China": 1.0
      },
      "country_entropy": -1.000088900581841e-12,
      "region": "Asia",
      "region_confidence": {
        "Asia": 0.9999999999999999
      },
      "region_entropy": -9.99866855976916e-13
    },
    "JF706269": {
      "clade_membership": "3",
      "clade_membership_confidence": {
        "3": 1.0
      },
      "clade_membership_entropy": -1.000088900581841e-12,
      "country": "China",
      "country_confidence": {
        "China": 1.0
      },
      "country_entropy": -1.000088900581841e-12,
      "region": "Asia",
      "region_confidence": {
        "Asia": 1.0
      },
      "region_entropy": -1.000088900581841e-12
    },
    "JF706270": {
      "clade_membership": "1",
      "clade_membership_confidence": {
        "1": 1.0
      },
      "clade_membership_entropy": -1.000088900581841e-12,
      "country": "China",
      "country_confidence": {
        "China": 1.0
      },
      "country_entropy": -1.000088900581841e-12,
      "region": "Asia",
      "region_confidence": {
        "Asia": 1.0
      },
      "region_entropy": -1.000088900581841e-12
    },
    "JF706271": {
      "clade_membership": "1",
      "clade_membership_confidence": {
        "1": 1.0
      },
      "clade_membership_entropy": -1.000088900581841e-12,
      "country": "China",
      "country_confidence": {
        "China": 1.0
      },
      "country_entropy": -1.000088900581841e-12,
      "region": "Asia",
      "region_confidence": {
        "Asia": 0.9999999999999999
      },
      "region_entropy": -9.99866855976916e-13
    },
    "JF706272": {
      "clade_membership": "3",
      "clade_membership_confidence": {
        "3": 0.9999999999999999
      },
      "clade_membership_entropy": -9.99866855976916e-13,
      "country": "China",
      "country_confidence": {
        "China": 1.0
      },
      "country_entropy": -1.000088900581841e-12,
      "region": "Asia",
      "region_confidence": {
        "Asia": 0.9999999999999999
      },
      "region_entropy": -9.99866855976916e-13
    },
    "JF706273": {
      "clade_membership": "3",
      "clade_membership_confidence": {
        "3": 1.0
      },
      "clade_membership_entropy": -1.000088900581841e-12,
      "country": "China",
      "country_confidence": {
        "China": 1.0
      },
      "country_entropy": -1.000088900581841e-12,
      "region": "Asia",
      "region_confidence": {
        "Asia": 0.9999999999999999
      },
      "region_entropy": -9.99866855976916e-13
    },
    "JF706274": {
      "clade_membership": "1",
      "clade_membership_confidence": {
        "1": 1.0
      },
      "clade_membership_entropy": -1.000088900581841e-12,
      "country": "China",
      "country_confidence": {
        "China": 1.0
      },
      "country_entropy": -1.000088900581841e-12,
      "region": "Asia",
      "region_confidence": {
        "Asia": 1.0
      },
      "region_entropy": -1.000088900581841e-12
    },
    "JF706275": {
      "clade_membership": "3",
      "clade_membership_confidence": {
        "3": 0.9999999999999999
      },
